[train.jpg]
filters=radblur=1,0.000000,0.000000,-0.356725,-0.766082;
moddate=1ea2368ab74ed101
width=5472
height=3648
textactive=0
[header.jpg]
filters=radblur=1,0.500000,0.500000,-1.000000,-0.894737;
moddate=6c022be2b74ed101
width=2560
height=1600
textactive=0
[train.1.jpg]
filters=radblur=1,0.500000,0.500000,-1.000000,-0.929825;glow2=1,0.650000,139.805817;
moddate=e08724489252d101
width=5040
height=2788
textactive=0
